0 0.079296875 0.36875 0.03203125 0.12361111111111112
0 0.14921875 0.38333333333333336 0.028125 0.11944444444444445
0 0.162890625 0.5625 0.04609375 0.15555555555555556
0 0.28671875 0.24930555555555556 0.028125 0.09305555555555556
0 0.396484375 0.45 0.03359375 0.11944444444444445
0 0.68671875 0.29444444444444445 0.03125 0.1111111111111111
0 0.689453125 0.6 0.04453125 0.14722222222222223
0 0.71484375 0.80625 0.0546875 0.1763888888888889
0 0.746875 0.6048611111111111 0.0375 0.14305555555555555
1 0.01953125 0.51875 0.0375 0.13194444444444445
2 0.4171875 0.3798611111111111 0.0203125 0.0375