0 0.131640625 0.5861111111111111 0.05078125 0.1527777777777778
0 0.23359375 0.48680555555555555 0.0484375 0.16805555555555557
0 0.41015625 0.5069444444444444 0.034375 0.13333333333333333
0 0.572265625 0.5354166666666667 0.04765625 0.15138888888888888
0 0.354296875 0.39305555555555555 0.03203125 0.1361111111111111
0 0.38671875 0.4270833333333333 0.0328125 0.13194444444444445
0 0.527734375 0.3798611111111111 0.03828125 0.14027777777777778
0 0.503515625 0.34791666666666665 0.04140625 0.14583333333333334
0 0.546875 0.3576388888888889 0.0265625 0.14305555555555555
0 0.85546875 0.4263888888888889 0.046875 0.15555555555555556
0 0.8421875 0.41388888888888886 0.034375 0.15
2 0.330859375 0.475 0.02421875 0.04722222222222222